#         0           2           4           6           8          10          12          14          16          18          20          22          24          26          28   beta
1.52608e+06      382356       72271       15032        3348         721         141          42           7           4           1           0           0           0           0  #       0.1
1.52601e+06      382623       71978       15193        3288         688         183          29           7           0           0           0           0           0           0  #  0.311111
1.5269e+06      381839       71856       14992        3314         772         226          78          21           4           2           0           0           0           0  #  0.522222
1.52597e+06      382390       72147       15221        3335         757         155          18           3           0           0           0           0           0           0  #  0.733333
1.52456e+06      384525       71929       14854        3185         743         163          33           5           0           0           0           0           0           0  #  0.944444
1.52449e+06      384287       72024       15072        3100         785         174          44          18           5           0           0           0           0           0  #   1.15556
1.52545e+06      383232       72263       14965        3156         727         166          25           7           6           1           0           0           0           0  #   1.36667
1.51949e+06      387048       73667       15483        3381         737         150          38           9           0           0           0           0           0           0  #   1.57778
1.51939e+06      387757       73178       15298        3348         779         196          51           6           0           0           0           0           0           0  #   1.78889
1.51674e+06      389282       74086       15627        3362         682         177          43           4           0           0           0           0           0           0  #         2
