#         0           2           4           6           8          10          12          14          16          18          20          22          24          26          28   beta
1.99763e+06        2370           0           0           0           0           0           0           0           0           0           0           0           0           0  #       0.1
1.97601e+06       23960          28           0           0           0           0           0           0           0           0           0           0           0           0  #  0.311111
1.93367e+06       66046         285           0           0           0           0           0           0           0           0           0           0           0           0  #  0.522222
1.87179e+06      127150        1063           0           0           0           0           0           0           0           0           0           0           0           0  #  0.733333
1.79467e+06      202418        2909           5           0           0           0           0           0           0           0           0           0           0           0  #  0.944444
1.70371e+06      290207        6020          61           0           0           0           0           0           0           0           0           0           0           0  #   1.15556
1.60701e+06      381569       11266         153           0           0           0           0           0           0           0           0           0           0           0  #   1.36667
1.50231e+06      478890       18496         300           2           0           0           0           0           0           0           0           0           0           0  #   1.57778
1.39725e+06      573231       28800         715           8           0           0           0           0           0           0           0           0           0           0  #   1.78889
1.2894e+06      666873       42566        1152           6           0           0           0           0           0           0           0           0           0           0  #         2
