#         0           2           4           6           8          10          12          14          16          18          20          22          24          26          28   beta
1.52644e+06      383277       71479       14766        3194         666         126          28          20           4           0           0           0           0           0  #       0.1
1.52405e+06      384432       71774       15365        3349         751         216          49          12           2           0           0           0           0           0  #  0.311111
1.5242e+06      384075       72280       15119        3343         779         163          31           8           4           1           0           0           0           0  #  0.522222
1.52256e+06      384946       72985       15317        3310         655         164          44          11           4           2           4           0           0           0  #  0.733333
1.51976e+06      387804       72927       15376        3255         707         144          26           2           0           0           0           0           0           0  #  0.944444
1.51399e+06      390730       75133       15605        3506         776         190          42          18          11           2           0           0           0           0  #   1.15556
1.50878e+06      393813       76235       16199        3768         925         219          48          14           0           0           0           0           0           0  #   1.36667
1.50183e+06      398511       78226       16659        3679         855         194          39           8           2           0           0           0           0           0  #   1.57778
1.49382e+06      403970       79990       17188        3940         855         187          41           8           1           0           0           0           0           0  #   1.78889
1.48632e+06      408785       81920       17571        4061        1011         241          72          18           4           0           0           0           0           0  #         2
