#         0           2           4           6           8          10          12          14          16          18          20          22          24          26          28   beta
1.99751e+06        2490           0           0           0           0           0           0           0           0           0           0           0           0           0  #       0.1
1.97622e+06       23749          29           0           0           0           0           0           0           0           0           0           0           0           0  #  0.311111
1.93298e+06       66709         305           3           0           0           0           0           0           0           0           0           0           0           0  #  0.522222
1.87106e+06      127830        1108           4           0           0           0           0           0           0           0           0           0           0           0  #  0.733333
1.79359e+06      203489        2903          21           0           0           0           0           0           0           0           0           0           0           0  #  0.944444
 1.705e+06      289014        5925          61           0           0           0           0           0           0           0           0           0           0           0  #   1.15556
1.60715e+06      381747       11011          89           1           0           0           0           0           0           0           0           0           0           0  #   1.36667
1.50204e+06      478808       18803         344           1           0           0           0           0           0           0           0           0           0           0  #   1.57778
1.39678e+06      573608       29000         614           3           0           0           0           0           0           0           0           0           0           0  #   1.78889
1.28540e+06      670835       42471        1279          10           0           0           0           0           0           0           0           0           0           0  #         2
